AJLANI,OUSSAMA,12.5,14.5,15.5,13.25,4,13.25,4,15.5,17.5,16.1,2,19,19,19,2,17.55,4,18.25,20,18.75,18.59,3,15,16.25,14.5,15.11,2,17.2,5,19,11.5,17.5,2,13,13,12,12.8,2,15.15,4,13.5,14,13.65,3,11.5,13.25,18,12.74,4,13.13,7
BARGHOUTHI,YOSR,20,15.5,7,17.38,4,17.38,4,18,14,16.8,2,15.5,17,15.95,2,16.38,4,17.25,18,20,17.78,3,17.75,17.75,15,17.34,2,17.6,5,18,10.25,16.45,2,15,15,15,15,2,15.72,4,15.5,13,14.75,3,13.75,15.5,18,14.65,4,14.69,7
BEN,HAMIDA,MEHDI,RACHID,1,7,9,3.1,0,3.1,0,6,4.5,5.5,5,0,7.5,0,5.2,5,0,5.4,0,7.2,5,7,13.5,8.1,5,0,5.2,5,11.5,12,7.2,0,7.7,7,0,18,14.25,17.25,2,14,14,15,14.2,2,15.72,4,12.5,14,12.95,3,11.5,15,17,12.85,4,12.89,7
BEN,HARB,EYA,5.5,10,9.5,6.7,7,0,6.7,7,0,8.5,5,7.4,5,0,10.75,4.5,8.8,8,0,8.1,7,0,12.25,5,16,11.72,3,10.25,11,10,10.32,2,11.16,5,12,1.7,5,9.9,5,0,13,13,11,12.6,2,11.27,4,11.5,12,11.65,3,10,17.5,18,12.32,4,12.03,7
BEN,HMIDA,AYA,12,12,19,13.05,4,13.05,4,13.75,5.7,5,11.35,2,16.5,19.5,17.4,2,14.38,4,11,9,19.75,12.01,3,15,10,17,14.55,2,13.03,5,18,13.75,17.15,2,13,13,12,12.8,2,14.98,4,9,10,9.3,0,10,12,15,11.05,4,10.3,7
BENABADA,ALAA,7,3,6,6.2,5,0,6.2,5,0,8,11.5,9.0,5,0,8.5,15.5,10.6,2,9.8,2,2,10,9,12,10.15,3,10.75,13.25,10,11.01,2,10.49,5,14,11.25,13.45,2,15,15,11,14.2,2,13.82,4,13,12,12.7,3,10,14,10,10.6,4,11.5,7
BOUJMIL,ZAINEB,16,14,15,15.55,4,15.55,4,13.5,15,13.95,2,8.5,19,11.65,2,12.8,4,14.75,18.5,19.5,16.02,3,15.75,16.25,12,15.26,2,15.72,5,17.5,16.25,17.25,2,13,13,11,12.6,2,14.92,4,11,12,11.3,3,15.75,18,15,15.97,4,13.97,7
BOUSLIMI,AMAL,1,7,15.5,4.0,8,0,4.0,8,0,14.5,6.2,5,12.02,2,13.5,11.5,12.9,2,12.46,4,15.75,14,19.5,16.05,3,14.25,6.7,5,11.5,12.71,2,14.71,5,16.5,7.2,5,14.65,2,15,15,13,14.6,2,14.62,4,10,10,10,3,14,15,18,14.75,4,12.71,7
DAMMAK,OUSSAMA,8.5,6,11.5,8.5,8,0,8.5,8,0,12,5.5,10.05,2,8.2,5,19,11.48,2,10.76,4,9.7,5,5.5,12,9.4,5,0,8.5,15.75,12,10.11,2,9.7,1,2,10,9.5,9.9,0,13,13,12,12.8,2,11.35,4,9,11,9.6,0,8,13.5,17,10.18,4,9.9,3,4
DRIDI,MAISSA,12,9,10,11.25,4,11.25,4,10,2,7.6,0,16.5,13,15.45,2,11.52,4,11.25,16,17,12.82,3,9.7,5,7.5,15,10.2,2,11.77,5,16,8.2,5,14.45,2,15,15,15,15,2,14.72,4,14.5,12.5,13.9,3,13,14.25,18,13.94,4,13.92,7
FEKI,RIADH,KHALIL,0.5,2,0,0.6,5,0,0.6,5,0,0.5,5,1.8,5,0,4.2,5,15,7.4,8,0,4.6,6,0,5.7,5,7,0,5.0,7,0,3.7,5,6.5,12,5.4,0,5.2,0,10,9,9.8,0,13,13,0,10.4,2,10.1,4,2.5,10.5,4.9,0,12.5,14.25,18,13.59,4,9.8,7,4
HAJLAOUI YAFET Ab s 1 0 0.1 5 0 0.1 5 0 Ab s 3.7 5 1.1 2 0 Ab s 6.5 1.9 5 0 1.5 4 0 Ab s 4.5 0 0.6 7 0 3.5 3.5 8 4.1 8 0 2.0 7 0 0 5.7 5 1.1 5 0 0 0 0 0 0 0.5 8 0 5 7 5.6 0 Ab s 5 0 0.7 5 0 2.8 3 0
HAMDI,MOHAMED,IMEM,6.5,8,5.5,6.5,7,0,6.5,7,0,14.5,11.5,13.6,2,7,12,8.5,0,11.05,4,12,3.5,0,8.9,2,0,14.5,8.2,5,10,12.89,2,10.51,5,12,10,11.6,2,0,0,11,2.2,0,6.9,2,11.5,10,11.05,3,8.5,12,17,10.3,4,10.62,7
KAMOUN,SABRINE,12,15,14,12.75,4,12.75,4,12,12.75,12.22,2,15.5,14,15.05,2,13.64,4,15.25,18,20,16.38,3,13.5,18.5,14.5,14.4,2,15.59,5,12,11.25,11.85,2,13,13,13,13,2,12.42,4,7,12,8.5,0,15,15,18,15.45,4,12.47,7
KANOUN,AHMED,2,2,10.5,3.2,8,0,3.2,8,0,15,11,13.8,2,13,8,11.5,2,12.65,4,13.25,8.5,13,12.5,3,12.75,6.2,5,12.5,11.74,2,12.2,5,14.5,5.5,12.7,2,13,13,12,12.8,2,12.75,4,14.5,15,14.65,3,10,15.5,14,11.42,4,12.8,7
KHEMIR,ISSRA,6,5,13,6.9,0,6.9,0,12.25,12,12.17,2,14.75,17.5,15.58,2,13.88,4,10.5,13,14.5,11.48,3,8.5,10,8,8.6,5,0,10.35,5,8,10.75,8.5,5,0,14,14,11,13.4,2,10.98,4,12,13,12.3,3,10.75,13.25,14,11.61,4,11.91,7
KRIDISS,OUMAIMA,7.5,11,0,6.9,0,6.9,0,7.2,5,17.5,10.32,2,17.5,14.5,16.6,2,13.46,4,11,16,17,12.65,3,10,11.75,13.5,10.79,2,11.91,5,18.5,7.2,5,16.25,2,0,0,14,2.8,0,9.5,2,2,10.5,8.5,9.9,0,17.25,13.5,16,16.5,4,13.67,7
LHABECHA,IHEB,13.5,4,0,10.05,4,10.05,4,3.7,5,7,4.7,2,0,7.2,5,11.5,8.5,2,0,6.6,2,0,2.5,0.5,0,1.8,2,0,11,8,8,10.1,2,5.1,3,2,11,6,10,2,0,0,12,2.4,0,6.2,2,12,6,10.2,3,8,4,0,6.2,0,7.9,1,3
MABROUK MOHAMED FADI 3 6 0 3 0 3 0 1.2 5 2.5 1.6 2 0 Disp 10.3 2 5.9 6 2 6 7.5 16 7.7 2 0 2.2 5 6.5 8 3.7 5 0 6.1 3 0 3 3.7 5 3.1 5 0 Disp 11.4 2 7.2 8 2 Disp Disp 12.57 7
MBAREK,MOHAMED,5.5,7,16,7.3,0,7.3,0,0,4.7,5,1.4,2,0,12.5,1.5,9.2,0,5.3,1,0,16.5,2,17.5,14.47,3,12.75,7.2,5,10,11.51,2,13.29,5,12,11.5,11.9,2,0,0,14,2.8,0,7.3,5,2,10,7,9.1,0,11,13,16,12.05,4,10.79,7
MEJRI CHAIMA 16 15 13.5 15.47 4 15.47 4 19.75 17.5 19.08 2 9.2 5 18 11.88 2 15.48 4 8.5 6 19.75 9.8 1 0 14.75 13.75 14 14.49 2 11.68 5 10.5 12.25 10.85 2 13 13 14 13.2 2 12.02 4 12 5 9.9 0 Ab s 12 0 1.8 0 5.2 7 0
MILED,NADA,13,10,5.5,11.42,4,11.42,4,7.5,9,7.9,5,0,17,16,16.7,2,12.32,4,16.75,13,19.75,16.64,3,13.25,7.2,5,13.5,12.39,2,14.94,5,12.5,14.75,12.95,2,15,15,12,14.4,2,13.68,4,12.5,14,12.95,3,12.5,16.5,14,13.32,4,13.16,7
MOUSSAOUI,NOUR,0.5,3,10,2.3,0,2.3,0,5.7,5,2.5,4.7,7,0,7.2,5,15.5,9.7,2,0,7.2,4,0,3,4,12,4.5,0,6,6.2,5,8,6.3,4,0,5.2,4,0,11,10.75,10.95,2,14,14,8,12.8,2,11.88,4,8.5,10,8.9,5,0,7,11.5,14,8.7,2,0,8.8,2,0
MRAIDI,IMEN,15,17,9,14.4,4,14.4,4,12.5,13.25,12.72,2,15.75,13.75,15.15,2,13.94,4,18,14,19.75,17.66,3,12.75,14,12,12.82,2,15.72,5,14.5,11.25,13.85,2,12,12,13,12.2,2,13.02,4,7.5,12,8.8,5,0,11,14,16,12.2,4,10.76,7
MRAYHI,SIWAR,10,8,18.5,10.98,4,10.98,4,10,6,8.8,0,7.5,13,9.1,5,0,8.9,8,0,10.75,15.5,18.75,12.66,3,12.75,10.5,12.5,12.37,2,12.54,5,13.5,7.2,5,12.25,2,14,14,12,13.6,2,12.92,4,12,10.5,11.55,3,19,17.5,16,18.32,4,15.42,7
NOUIRA,YASMINE,3,9,16,5.8,5,0,5.8,5,0,5.5,7.5,6.1,0,10.25,17.5,12.42,2,9.2,6,2,7,10.5,14.75,8.6,9,0,12.25,13.75,11,12.29,2,10.13,5,9,13.25,9.8,5,0,13,13,10,12.4,2,11.12,4,10,10,10,3,11,13.75,13,11.71,4,10.98,7
RAZGUI,CHAIMA,11,6,9.5,10.02,4,10.02,4,13.75,8,12.02,2,7.2,5,15,9.5,8,0,10.8,4,10.75,14,18.5,12.4,3,13,6.2,5,11.5,11.76,2,12.14,5,9,8.5,8.9,0,13,13,10,12.4,2,10.65,4,12,11.5,11.85,3,12.25,14.25,0,10.71,4,11.2,7
SAADI,WIEM,10,8,0,8.2,0,8.2,0,9,11,9.6,0,12.25,0,8.5,8,0,9.0,9,0,13.75,2,18,12.62,3,9,6.5,10,8.7,8,0,11.08,5,8.5,5,7.8,0,15,15,0,12,2,9.9,2,11.5,11,11.35,3,17.25,16,15,16.72,4,14.42,7
YAHIAOUI,HAMZA,4,11,8,5.6,5,0,5.6,5,0,11.75,14.5,12.58,2,12.25,16.25,13.45,2,13.02,4,10.75,10,18,11.72,3,12.25,13.25,13,12.51,2,12.04,5,17.5,8.5,15.7,2,15,15,11,14.2,2,14.95,4,10,12,10.6,3,6,11.75,18,8.6,6,0,9.4,9,3
ZOGHLAMI,FERIEL,10,7,16,10.45,4,10.45,4,14,13.5,13.85,2,12.75,12,12.52,2,13.18,4,15,13,19.5,15.38,3,11.25,12.25,13.5,11.74,2,13.92,5,13,12,12.8,2,12,12,12,12,2,12.4,4,7,10,7.9,0,10,13,16,11.35,4,9.8,7,4
ZOMMIT,AHMED,AMINE,1,1,15,3.1,0,3.1,0,3,3.5,3.1,5,0,1,3,1.6,0,2.3,8,0,5,3.5,5,4.7,8,0,8.2,5,8.2,5,12.5,8.8,9,0,6.4,2,0,8,3.7,5,7.1,5,0,0,0,12,2.4,0,4.7,8,0,12,4,9.6,0,4.5,5,0,3.9,0,6.3,4,0
